
title: la16 transport

instance_config:
  description: "la16 transport"
  instance:
    description: "10x10"
    specification: |
      (m0,t)|(m1,t)|(m2,t)|(m3,t)|(m4,t)|(m5,t)|(m6,t)|(m7,t)|(m8,t)|(m9,t)
      j0|(1,21) (6,71) (9,16) (8,52) (7,26) (2,34) (0,53) (4,21) (3,55) (5,95)
      j1|(4,55) (2,31) (5,98) (9,79) (0,12) (7,66) (1,42) (8,77) (6,77) (3,39)
      j2|(3,34) (2,64) (8,62) (1,19) (4,92) (9,79) (7,43) (6,54) (0,83) (5,37)
      j3|(1,87) (3,69) (2,87) (7,38) (8,24) (9,83) (6,41) (0,93) (5,77) (4,60)
      j4|(2,98) (0,44) (5,25) (6,75) (7,43) (1,49) (4,96) (9,77) (3,17) (8,79)
      j5|(2,35) (3,76) (5,28) (9,10) (4,61) (6,9) (0,95) (8,35) (1,7) (7,95)
      j6|(3,16) (2,59) (0,46) (1,91) (9,43) (8,50) (6,52) (5,59) (4,28) (7,27)
      j7|(1,45) (0,87) (3,41) (4,20) (6,54) (9,43) (8,14) (5,9) (2,39) (7,71)
      j8|(4,33) (2,37) (8,66) (5,33) (3,26) (7,8) (1,28) (6,89) (9,42) (0,78)
      j9|(8,69) (9,81) (2,94) (4,96) (3,27) (0,69) (7,45) (6,78) (1,74) (5,84)
      

    transport:
      type: "agv"
      amount: 10

  logistics: 
    specification: |
      m-0|m-1|m-2|m-3|m-4|m-5|m-6|m-7|m-8|m-9|in-buf|out-buf
      m-0| 0 16 50 29 13 26 39 30 49 47 20 6
      m-1| 16 0 35 19 45 34 31 44 33 43 32 38
      m-2| 50 35 0 16 14 18 26 24 23 28 6 38
      m-3| 29 19 16 0 44 39 41 22 46 25 31 33
      m-4| 13 45 14 44 0 14 35 9 14 25 35 25
      m-5| 26 34 18 39 14 0 34 42 42 19 45 42
      m-6| 39 31 26 41 35 34 0 9 48 26 43 25
      m-7| 30 44 24 22 9 42 9 0 13 14 30 28
      m-8| 49 33 23 46 14 42 48 13 0 39 14 24
      m-9| 47 43 28 25 25 19 26 14 39 0 41 37
      in-buf| 20 32 6 31 35 45 43 30 14 41 0 37
      out-buf| 6 38 38 33 25 42 25 28 24 37 37 0
    