
title: la17 transport

instance_config:
  description: "la17 transport"
  instance:
    description: "10x10"
    specification: |
      (m0,t)|(m1,t)|(m2,t)|(m3,t)|(m4,t)|(m5,t)|(m6,t)|(m7,t)|(m8,t)|(m9,t)
      j0|(4,18) (7,21) (9,41) (2,45) (3,38) (8,50) (5,84) (6,29) (1,23) (0,82)
      j1|(8,57) (5,16) (1,52) (7,74) (2,38) (3,54) (6,62) (9,37) (4,54) (0,52)
      j2|(2,30) (4,79) (3,68) (1,61) (8,11) (6,89) (7,89) (0,81) (9,81) (5,57)
      j3|(0,91) (8,8) (3,33) (7,55) (5,20) (2,20) (4,32) (6,84) (1,66) (9,24)
      j4|(9,40) (0,7) (4,19) (8,7) (6,83) (2,64) (5,56) (3,54) (7,8) (1,39)
      j5|(3,91) (2,64) (5,40) (0,63) (7,98) (4,74) (8,61) (1,6) (6,42) (9,15)
      j6|(1,80) (7,39) (8,24) (3,75) (4,75) (5,6) (6,44) (0,26) (2,87) (9,22)
      j7|(1,15) (7,43) (2,20) (0,12) (8,26) (6,61) (3,79) (9,22) (5,8) (4,80)
      j8|(2,62) (3,96) (4,22) (9,5) (0,63) (6,33) (7,10) (8,18) (1,36) (5,40)
      j9|(1,96) (0,89) (5,64) (3,95) (9,23) (7,18) (8,15) (2,64) (6,38) (4,8)
      

    transport:
      type: "agv"
      amount: 10

  logistics: 
    specification: |
      m-0|m-1|m-2|m-3|m-4|m-5|m-6|m-7|m-8|m-9|in-buf|out-buf
      m-0| 0 23 50 38 16 32 10 11 50 18 22 24
      m-1| 23 0 18 14 9 25 22 32 34 16 29 27
      m-2| 50 18 0 7 24 6 21 27 26 9 45 7
      m-3| 38 14 7 0 17 11 38 12 9 50 31 47
      m-4| 16 9 24 17 0 29 10 40 8 28 32 19
      m-5| 32 25 6 11 29 0 9 44 31 44 10 30
      m-6| 10 22 21 38 10 9 0 23 42 39 22 31
      m-7| 11 32 27 12 40 44 23 0 15 17 48 50
      m-8| 50 34 26 9 8 31 42 15 0 20 29 5
      m-9| 18 16 9 50 28 44 39 17 20 0 21 11
      in-buf| 22 29 45 31 32 10 22 48 29 21 0 30
      out-buf| 24 27 7 47 19 30 31 50 5 11 30 0
    