
title: la18 transport

instance_config:
  description: "la18 transport"
  instance:
    description: "10x10"
    specification: |
      (m0,t)|(m1,t)|(m2,t)|(m3,t)|(m4,t)|(m5,t)|(m6,t)|(m7,t)|(m8,t)|(m9,t)
      j0|(6,54) (0,87) (4,48) (3,60) (7,39) (8,35) (1,72) (5,95) (2,66) (9,5)
      j1|(3,20) (9,46) (6,34) (5,55) (0,97) (8,19) (4,59) (2,21) (7,37) (1,46)
      j2|(4,45) (1,24) (8,28) (0,28) (7,83) (6,78) (5,23) (3,25) (9,5) (2,73)
      j3|(9,12) (1,37) (4,38) (3,71) (8,33) (2,12) (6,55) (0,53) (7,87) (5,29)
      j4|(3,83) (2,49) (6,23) (9,27) (7,65) (0,48) (4,90) (5,7) (1,40) (8,17)
      j5|(1,66) (4,25) (0,62) (2,84) (9,13) (6,64) (7,46) (8,59) (5,19) (3,85)
      j6|(1,73) (3,80) (0,41) (2,53) (9,47) (7,57) (8,74) (4,14) (6,67) (5,88)
      j7|(5,64) (3,84) (6,46) (1,78) (0,84) (7,26) (8,28) (9,52) (2,41) (4,63)
      j8|(1,11) (0,64) (7,67) (4,85) (3,10) (5,73) (9,38) (8,95) (6,97) (2,17)
      j9|(4,60) (8,32) (2,95) (3,93) (1,65) (6,85) (7,43) (9,85) (5,46) (0,59)
      

    transport:
      type: "agv"
      amount: 10

  logistics: 
    specification: |
      m-0|m-1|m-2|m-3|m-4|m-5|m-6|m-7|m-8|m-9|in-buf|out-buf
      m-0| 0 17 8 37 7 24 5 5 30 14 14 7
      m-1| 17 0 45 36 13 30 47 7 30 31 38 7
      m-2| 8 45 0 19 24 9 25 18 12 28 5 7
      m-3| 37 36 19 0 12 50 15 48 50 42 50 11
      m-4| 7 13 24 12 0 18 15 27 10 33 15 25
      m-5| 24 30 9 50 18 0 29 29 48 19 13 27
      m-6| 5 47 25 15 15 29 0 25 48 16 5 36
      m-7| 5 7 18 48 27 29 25 0 23 39 47 34
      m-8| 30 30 12 50 10 48 48 23 0 41 37 44
      m-9| 14 31 28 42 33 19 16 39 41 0 24 48
      in-buf| 14 38 5 50 15 13 5 47 37 24 0 16
      out-buf| 7 7 7 11 25 27 36 34 44 48 16 0
    