
title: la19 transport

instance_config:
  description: "la19 transport"
  instance:
    description: "10x10"
    specification: |
      (m0,t)|(m1,t)|(m2,t)|(m3,t)|(m4,t)|(m5,t)|(m6,t)|(m7,t)|(m8,t)|(m9,t)
      j0|(2,44) (3,5) (5,58) (4,97) (0,9) (7,84) (8,77) (9,96) (1,58) (6,89)
      j1|(4,15) (7,31) (1,87) (8,57) (0,77) (3,85) (2,81) (5,39) (9,73) (6,21)
      j2|(9,82) (6,22) (4,10) (3,70) (1,49) (0,40) (8,34) (2,48) (7,80) (5,71)
      j3|(1,91) (2,17) (7,62) (5,75) (8,47) (4,11) (3,7) (6,72) (9,35) (0,55)
      j4|(6,71) (1,90) (3,75) (0,64) (2,94) (8,15) (4,12) (7,67) (9,20) (5,50)
      j5|(7,70) (5,93) (8,77) (2,29) (4,58) (6,93) (3,68) (1,57) (9,7) (0,52)
      j6|(6,87) (1,63) (4,26) (5,6) (2,82) (3,27) (7,56) (8,48) (9,36) (0,95)
      j7|(0,36) (5,15) (8,41) (9,78) (3,76) (6,84) (4,30) (7,76) (2,36) (1,8)
      j8|(5,88) (2,81) (3,13) (6,82) (4,54) (7,13) (8,29) (9,40) (1,78) (0,75)
      j9|(9,88) (4,54) (6,64) (7,32) (0,52) (2,6) (8,54) (5,82) (3,6) (1,26)
      

    transport:
      type: "agv"
      amount: 10

  logistics: 
    specification: |
      m-0|m-1|m-2|m-3|m-4|m-5|m-6|m-7|m-8|m-9|in-buf|out-buf
      m-0| 0 18 39 30 22 36 31 48 13 44 36 12
      m-1| 18 0 9 5 35 25 24 26 21 43 31 40
      m-2| 39 9 0 17 7 24 16 12 8 43 41 11
      m-3| 30 5 17 0 42 39 9 17 37 50 16 16
      m-4| 22 35 7 42 0 46 19 11 48 45 35 34
      m-5| 36 25 24 39 46 0 22 48 29 18 13 16
      m-6| 31 24 16 9 19 22 0 37 47 24 7 9
      m-7| 48 26 12 17 11 48 37 0 39 43 48 27
      m-8| 13 21 8 37 48 29 47 39 0 6 22 23
      m-9| 44 43 43 50 45 18 24 43 6 0 50 8
      in-buf| 36 31 41 16 35 13 7 48 22 50 0 35
      out-buf| 12 40 11 16 34 16 9 27 23 8 35 0
    