
title: la21 transport

instance_config:
  description: "la21 transport"
  instance:
    description: "15x10"
    specification: |
      (m0,t)|(m1,t)|(m2,t)|(m3,t)|(m4,t)|(m5,t)|(m6,t)|(m7,t)|(m8,t)|(m9,t)
      j0|(2,34) (3,55) (5,95) (9,16) (4,21) (6,71) (0,53) (8,52) (1,21) (7,26)
      j1|(3,39) (2,31) (0,12) (1,42) (9,79) (8,77) (6,77) (5,98) (4,55) (7,66)
      j2|(1,19) (0,83) (3,34) (4,92) (6,54) (9,79) (8,62) (5,37) (2,64) (7,43)
      j3|(4,60) (2,87) (8,24) (5,77) (3,69) (7,38) (1,87) (6,41) (9,83) (0,93)
      j4|(8,79) (9,77) (2,98) (4,96) (3,17) (0,44) (7,43) (6,75) (1,49) (5,25)
      j5|(8,35) (7,95) (6,9) (9,10) (2,35) (1,7) (5,28) (4,61) (0,95) (3,76)
      j6|(4,28) (5,59) (3,16) (9,43) (0,46) (8,50) (6,52) (7,27) (2,59) (1,91)
      j7|(5,9) (4,20) (2,39) (6,54) (1,45) (7,71) (0,87) (3,41) (9,43) (8,14)
      j8|(1,28) (5,33) (0,78) (3,26) (2,37) (7,8) (8,66) (6,89) (9,42) (4,33)
      j9|(2,94) (5,84) (6,78) (9,81) (1,74) (3,27) (8,69) (0,69) (7,45) (4,96)
      j10|(1,31) (4,24) (0,20) (2,17) (9,25) (8,81) (5,76) (3,87) (7,32) (6,18)
      j11|(5,28) (9,97) (0,58) (4,45) (6,76) (3,99) (2,23) (1,72) (8,90) (7,86)
      j12|(5,27) (9,48) (8,27) (7,62) (4,98) (6,67) (3,48) (0,42) (1,46) (2,17)
      j13|(1,12) (8,50) (0,80) (2,50) (9,80) (3,19) (5,28) (6,63) (4,94) (7,98)
      j14|(4,61) (3,55) (6,37) (5,14) (2,50) (8,79) (1,41) (9,72) (7,18) (0,75)
      

    transport:
      type: "agv"
      amount: 10

  logistics: 
    specification: |
      m-0|m-1|m-2|m-3|m-4|m-5|m-6|m-7|m-8|m-9|in-buf|out-buf
      m-0| 0 5 50 18 28 20 40 35 27 9 20 35
      m-1| 5 0 44 17 32 40 26 34 27 12 6 18
      m-2| 50 44 0 35 43 36 7 35 11 50 37 42
      m-3| 18 17 35 0 15 35 43 24 33 31 19 47
      m-4| 28 32 43 15 0 20 7 36 7 41 26 50
      m-5| 20 40 36 35 20 0 12 15 17 29 34 26
      m-6| 40 26 7 43 7 12 0 27 40 17 47 41
      m-7| 35 34 35 24 36 15 27 0 24 8 14 35
      m-8| 27 27 11 33 7 17 40 24 0 44 45 46
      m-9| 9 12 50 31 41 29 17 8 44 0 35 22
      in-buf| 20 6 37 19 26 34 47 14 45 35 0 46
      out-buf| 35 18 42 47 50 26 41 35 46 22 46 0
    