
title: la22 transport

instance_config:
  description: "la22 transport"
  instance:
    description: "15x10"
    specification: |
      (m0,t)|(m1,t)|(m2,t)|(m3,t)|(m4,t)|(m5,t)|(m6,t)|(m7,t)|(m8,t)|(m9,t)
      j0|(9,66) (5,91) (4,87) (2,94) (7,21) (3,92) (1,7) (0,12) (8,11) (6,19)
      j1|(3,13) (2,20) (4,7) (1,14) (9,66) (0,75) (6,77) (5,16) (7,95) (8,7)
      j2|(8,77) (7,20) (2,34) (0,15) (9,88) (5,89) (6,53) (3,6) (1,45) (4,76)
      j3|(3,27) (2,74) (6,88) (4,62) (7,52) (8,69) (5,9) (9,98) (0,52) (1,88)
      j4|(4,88) (6,15) (1,52) (2,61) (7,54) (0,62) (8,59) (5,9) (3,90) (9,5)
      j5|(6,71) (0,41) (4,38) (3,53) (7,91) (8,68) (1,50) (5,78) (2,23) (9,72)
      j6|(3,95) (9,36) (6,66) (5,52) (0,45) (8,30) (4,23) (2,25) (7,17) (1,6)
      j7|(4,65) (1,8) (8,85) (0,71) (7,65) (6,28) (5,88) (3,76) (9,27) (2,95)
      j8|(9,37) (1,37) (4,28) (3,51) (8,86) (2,9) (6,55) (0,73) (7,51) (5,90)
      j9|(3,39) (2,15) (6,83) (9,44) (7,53) (0,16) (4,46) (5,24) (1,25) (8,82)
      j10|(1,72) (4,48) (0,87) (2,66) (9,5) (6,54) (7,39) (8,35) (5,95) (3,60)
      j11|(1,46) (3,20) (0,97) (2,21) (9,46) (7,37) (8,19) (4,59) (6,34) (5,55)
      j12|(5,23) (3,25) (6,78) (1,24) (0,28) (7,83) (8,28) (9,5) (2,73) (4,45)
      j13|(1,37) (0,53) (7,87) (4,38) (3,71) (5,29) (9,12) (8,33) (6,55) (2,12)
      j14|(4,90) (8,17) (2,49) (3,83) (1,40) (6,23) (7,65) (9,27) (5,7) (0,48)
      

    transport:
      type: "agv"
      amount: 10

  logistics: 
    specification: |
      m-0|m-1|m-2|m-3|m-4|m-5|m-6|m-7|m-8|m-9|in-buf|out-buf
      m-0| 0 46 23 12 17 46 24 49 44 32 37 38
      m-1| 46 0 34 6 12 6 48 21 12 26 33 12
      m-2| 23 34 0 10 25 26 24 18 39 43 35 13
      m-3| 12 6 10 0 41 14 11 13 26 15 16 32
      m-4| 17 12 25 41 0 10 36 37 29 39 36 40
      m-5| 46 6 26 14 10 0 30 13 38 37 48 46
      m-6| 24 48 24 11 36 30 0 42 45 20 44 48
      m-7| 49 21 18 13 37 13 42 0 23 39 33 23
      m-8| 44 12 39 26 29 38 45 23 0 13 21 15
      m-9| 32 26 43 15 39 37 20 39 13 0 32 47
      in-buf| 37 33 35 16 36 48 44 33 21 32 0 23
      out-buf| 38 12 13 32 40 46 48 23 15 47 23 0
    