
title: la24 transport

instance_config:
  description: "la24 transport"
  instance:
    description: "15x10"
    specification: |
      (m0,t)|(m1,t)|(m2,t)|(m3,t)|(m4,t)|(m5,t)|(m6,t)|(m7,t)|(m8,t)|(m9,t)
      j0|(7,8) (9,75) (0,72) (6,74) (4,30) (8,43) (2,38) (5,98) (1,26) (3,19)
      j1|(6,19) (8,73) (3,43) (0,23) (1,85) (4,39) (5,13) (9,26) (2,67) (7,9)
      j2|(1,50) (3,93) (5,80) (4,7) (0,55) (2,61) (6,57) (8,72) (9,42) (7,46)
      j3|(1,68) (7,43) (4,99) (6,60) (5,68) (0,91) (8,11) (3,96) (9,11) (2,72)
      j4|(7,84) (2,34) (8,40) (5,7) (1,70) (6,74) (3,12) (0,43) (9,69) (4,30)
      j5|(8,60) (0,49) (4,59) (5,72) (9,63) (1,69) (7,99) (6,45) (3,27) (2,9)
      j6|(6,71) (2,91) (8,65) (1,90) (9,98) (4,8) (7,50) (0,75) (5,37) (3,17)
      j7|(8,62) (7,90) (5,98) (3,31) (2,91) (4,38) (9,72) (1,9) (0,72) (6,49)
      j8|(4,35) (0,39) (9,74) (5,25) (7,47) (3,52) (2,63) (8,21) (6,35) (1,80)
      j9|(9,58) (0,5) (3,50) (8,52) (1,88) (6,20) (2,68) (5,24) (4,53) (7,57)
      j10|(7,99) (3,91) (4,33) (5,19) (2,18) (6,38) (0,24) (9,35) (1,49) (8,9)
      j11|(0,68) (3,60) (2,77) (7,10) (8,60) (5,15) (9,72) (1,18) (6,90) (4,18)
      j12|(9,79) (1,60) (3,56) (6,91) (2,40) (8,86) (7,72) (0,80) (5,89) (4,51)
      j13|(4,10) (2,92) (5,23) (6,46) (8,40) (7,72) (3,6) (1,23) (0,95) (9,34)
      j14|(2,24) (5,29) (9,49) (8,55) (0,47) (6,77) (3,77) (7,8) (1,28) (4,48)
      

    transport:
      type: "agv"
      amount: 10

  logistics: 
    specification: |
      m-0|m-1|m-2|m-3|m-4|m-5|m-6|m-7|m-8|m-9|in-buf|out-buf
      m-0| 0 37 40 33 22 49 21 31 46 30 42 35
      m-1| 37 0 38 12 39 34 30 39 12 38 12 18
      m-2| 40 38 0 13 42 21 11 28 5 10 15 21
      m-3| 33 12 13 0 11 41 7 14 47 19 34 40
      m-4| 22 39 42 11 0 49 7 39 26 27 43 39
      m-5| 49 34 21 41 49 0 30 42 8 29 9 29
      m-6| 21 30 11 7 7 30 0 5 16 33 25 18
      m-7| 31 39 28 14 39 42 5 0 45 10 26 50
      m-8| 46 12 5 47 26 8 16 45 0 47 40 38
      m-9| 30 38 10 19 27 29 33 10 47 0 9 27
      in-buf| 42 12 15 34 43 9 25 26 40 9 0 33
      out-buf| 35 18 21 40 39 29 18 50 38 27 33 0
    