
title: la36 transport

instance_config:
  description: "la36 transport"
  instance:
    description: "15x15"
    specification: |
      (m0,t)|(m1,t)|(m2,t)|(m3,t)|(m4,t)|(m5,t)|(m6,t)|(m7,t)|(m8,t)|(m9,t)|(m10,t)|(m11,t)|(m12,t)|(m13,t)|(m14,t)
      j0|(4,21) (3,55) (6,71) (14,98) (10,12) (2,34) (9,16) (1,21) (0,53) (7,26) (8,52) (5,95) (12,31) (11,42) (13,39)
      j1|(11,54) (4,83) (1,77) (7,64) (8,34) (14,79) (12,43) (0,55) (3,77) (6,19) (9,37) (5,79) (10,92) (13,62) (2,66)
      j2|(9,83) (5,77) (2,87) (7,38) (4,60) (12,98) (0,93) (13,17) (6,41) (10,44) (3,69) (11,49) (8,24) (1,87) (14,25)
      j3|(5,77) (0,96) (9,28) (6,7) (4,95) (13,35) (7,35) (8,76) (11,9) (12,95) (2,43) (1,75) (10,61) (14,10) (3,79)
      j4|(10,87) (4,28) (8,50) (2,59) (0,46) (11,45) (14,9) (9,43) (6,52) (7,27) (1,91) (13,41) (3,16) (5,59) (12,39)
      j5|(0,20) (2,71) (4,78) (13,66) (3,14) (12,8) (14,42) (6,28) (1,54) (9,33) (11,89) (8,26) (7,37) (10,33) (5,43)
      j6|(8,69) (4,96) (12,17) (0,69) (7,45) (11,31) (6,78) (10,20) (3,27) (13,87) (1,74) (5,84) (14,76) (2,94) (9,81)
      j7|(4,58) (13,90) (11,76) (3,81) (7,23) (9,28) (1,18) (2,32) (12,86) (8,99) (14,97) (0,24) (10,45) (6,72) (5,25)
      j8|(5,27) (1,46) (6,67) (8,27) (13,19) (10,80) (2,17) (3,48) (7,62) (11,12) (14,28) (4,98) (0,42) (9,48) (12,50)
      j9|(11,37) (5,80) (4,75) (8,55) (7,50) (0,94) (9,14) (6,41) (14,72) (3,50) (10,61) (13,79) (2,98) (12,18) (1,63)
      j10|(7,65) (3,96) (0,47) (4,75) (12,69) (14,58) (10,33) (1,71) (9,22) (13,32) (5,57) (8,79) (2,14) (11,31) (6,60)
      j11|(1,34) (2,47) (3,58) (5,51) (4,62) (6,44) (9,8) (7,17) (10,97) (8,29) (11,15) (13,66) (12,40) (0,44) (14,38)
      j12|(3,50) (7,57) (13,61) (5,20) (11,85) (12,90) (2,58) (4,63) (10,84) (1,39) (9,87) (6,21) (14,56) (8,32) (0,57)
      j13|(9,84) (7,45) (5,15) (14,41) (10,18) (4,82) (11,29) (2,70) (1,67) (3,30) (13,50) (6,23) (0,20) (12,21) (8,38)
      j14|(9,37) (10,81) (11,61) (14,57) (8,57) (0,52) (7,74) (6,62) (12,30) (1,52) (2,38) (13,68) (4,54) (3,54) (5,16)
      

    transport:
      type: "agv"
      amount: 15

  logistics: 
    specification: |
      m-0|m-1|m-2|m-3|m-4|m-5|m-6|m-7|m-8|m-9|m-10|m-11|m-12|m-13|m-14|in-buf|out-buf
      m-0| 0 25 19 50 12 45 33 23 49 13 20 35 23 50 8 20 38
      m-1| 25 0 6 35 12 31 30 21 50 9 18 16 24 8 31 16 24
      m-2| 19 6 0 18 46 15 6 49 30 15 44 39 11 46 13 32 28
      m-3| 50 35 18 0 19 20 29 41 10 30 13 16 48 46 41 43 34
      m-4| 12 12 46 19 0 24 9 50 20 48 25 9 23 25 31 22 37
      m-5| 45 31 15 20 24 0 15 48 43 17 23 31 35 48 7 17 40
      m-6| 33 30 6 29 9 15 0 19 38 18 29 9 7 27 8 20 20
      m-7| 23 21 49 41 50 48 19 0 40 37 49 48 44 44 33 40 16
      m-8| 49 50 30 10 20 43 38 40 0 48 38 36 46 18 47 27 10
      m-9| 13 9 15 30 48 17 18 37 48 0 42 20 7 29 27 10 41
      m-10| 20 18 44 13 25 23 29 49 38 42 0 12 18 26 26 27 11
      m-11| 35 16 39 16 9 31 9 48 36 20 12 0 23 12 5 41 13
      m-12| 23 24 11 48 23 35 7 44 46 7 18 23 0 49 25 35 33
      m-13| 50 8 46 46 25 48 27 44 18 29 26 12 49 0 19 10 22
      m-14| 8 31 13 41 31 7 8 33 47 27 26 5 25 19 0 49 38
      in-buf| 20 16 32 43 22 17 20 40 27 10 27 41 35 10 49 0 27
      out-buf| 38 24 28 34 37 40 20 16 10 41 11 13 33 22 38 27 0
    