
title: la37 transport

instance_config:
  description: "la37 transport"
  instance:
    description: "15x15"
    specification: |
      (m0,t)|(m1,t)|(m2,t)|(m3,t)|(m4,t)|(m5,t)|(m6,t)|(m7,t)|(m8,t)|(m9,t)|(m10,t)|(m11,t)|(m12,t)|(m13,t)|(m14,t)
      j0|(5,19) (6,64) (11,73) (9,13) (2,84) (14,88) (3,85) (10,41) (12,53) (13,80) (1,66) (7,46) (8,59) (4,25) (0,62)
      j1|(1,67) (3,74) (7,41) (2,57) (14,52) (0,14) (9,64) (8,84) (6,78) (5,47) (13,28) (4,84) (10,63) (12,26) (11,46)
      j2|(6,97) (8,95) (0,64) (9,38) (10,59) (12,95) (2,17) (11,65) (13,93) (3,10) (5,73) (1,11) (4,85) (14,46) (7,67)
      j3|(10,23) (12,49) (3,32) (4,66) (2,43) (0,60) (8,41) (7,61) (13,70) (9,49) (11,17) (6,90) (1,85) (14,99) (5,85)
      j4|(9,98) (8,57) (3,73) (6,9) (0,73) (7,7) (1,98) (4,13) (13,41) (5,40) (11,85) (10,37) (2,68) (14,79) (12,17)
      j5|(11,66) (7,53) (5,86) (6,40) (0,14) (3,19) (13,96) (4,95) (2,54) (10,84) (12,97) (8,16) (14,52) (1,76) (9,87)
      j6|(4,77) (2,55) (9,42) (5,74) (14,91) (13,33) (10,16) (12,54) (0,18) (3,87) (7,60) (8,13) (6,33) (1,33) (11,61)
      j7|(6,41) (5,39) (11,82) (9,64) (14,47) (10,28) (7,78) (13,49) (1,79) (4,58) (2,92) (3,79) (12,6) (0,69) (8,76)
      j8|(11,21) (5,42) (9,91) (2,28) (0,52) (6,88) (12,76) (13,86) (10,23) (1,35) (7,52) (4,91) (3,47) (14,82) (8,24)
      j9|(11,42) (1,93) (3,95) (13,45) (9,28) (14,77) (0,84) (10,8) (7,45) (4,70) (5,37) (6,86) (12,64) (8,67) (2,38)
      j10|(4,97) (12,81) (1,58) (7,84) (5,58) (0,9) (11,87) (3,5) (2,44) (13,85) (6,89) (10,77) (9,96) (14,39) (8,77)
      j11|(12,80) (1,21) (10,10) (5,73) (8,70) (6,49) (2,31) (13,34) (4,40) (11,22) (0,15) (14,82) (3,57) (9,71) (7,48)
      j12|(2,17) (7,62) (5,75) (9,35) (1,91) (14,50) (3,7) (10,64) (13,75) (12,94) (0,55) (6,72) (8,47) (4,11) (11,90)
      j13|(11,93) (6,57) (1,71) (12,70) (9,93) (5,20) (3,15) (13,77) (10,58) (0,12) (2,67) (8,68) (14,7) (7,29) (4,52)
      j14|(13,76) (3,27) (4,26) (9,36) (11,8) (10,36) (0,95) (8,48) (2,82) (6,87) (5,6) (1,63) (7,56) (12,36) (14,15)
      

    transport:
      type: "agv"
      amount: 15

  logistics: 
    specification: |
      m-0|m-1|m-2|m-3|m-4|m-5|m-6|m-7|m-8|m-9|m-10|m-11|m-12|m-13|m-14|in-buf|out-buf
      m-0| 0 30 32 10 27 27 43 47 6 37 39 16 8 28 41 21 27
      m-1| 30 0 50 7 16 10 48 45 20 21 8 22 18 40 17 28 23
      m-2| 32 50 0 46 45 11 38 17 15 21 14 43 48 38 19 8 47
      m-3| 10 7 46 0 39 37 36 8 38 34 48 43 41 24 6 23 16
      m-4| 27 16 45 39 0 26 49 49 37 28 20 39 14 8 29 19 21
      m-5| 27 10 11 37 26 0 34 27 42 34 15 10 19 41 27 8 21
      m-6| 43 48 38 36 49 34 0 24 36 27 26 10 15 34 7 40 33
      m-7| 47 45 17 8 49 27 24 0 5 6 38 32 41 15 25 17 50
      m-8| 6 20 15 38 37 42 36 5 0 14 32 25 12 31 16 33 49
      m-9| 37 21 21 34 28 34 27 6 14 0 29 12 32 35 7 7 8
      m-10| 39 8 14 48 20 15 26 38 32 29 0 23 42 49 7 40 18
      m-11| 16 22 43 43 39 10 10 32 25 12 23 0 22 25 34 23 49
      m-12| 8 18 48 41 14 19 15 41 12 32 42 22 0 30 24 34 9
      m-13| 28 40 38 24 8 41 34 15 31 35 49 25 30 0 41 10 7
      m-14| 41 17 19 6 29 27 7 25 16 7 7 34 24 41 0 30 45
      in-buf| 21 28 8 23 19 8 40 17 33 7 40 23 34 10 30 0 40
      out-buf| 27 23 47 16 21 21 33 50 49 8 18 49 9 7 45 40 0
    