
title: la38 transport

instance_config:
  description: "la38 transport"
  instance:
    description: "15x15"
    specification: |
      (m0,t)|(m1,t)|(m2,t)|(m3,t)|(m4,t)|(m5,t)|(m6,t)|(m7,t)|(m8,t)|(m9,t)|(m10,t)|(m11,t)|(m12,t)|(m13,t)|(m14,t)
      j0|(1,26) (12,67) (0,72) (6,74) (14,13) (8,43) (4,30) (3,19) (10,23) (11,85) (5,98) (13,43) (2,38) (7,8) (9,75)
      j1|(14,42) (0,39) (4,55) (12,46) (1,19) (8,93) (9,80) (5,26) (10,7) (6,50) (11,57) (3,73) (2,9) (7,61) (13,72)
      j2|(3,96) (4,99) (12,34) (6,60) (7,43) (14,7) (13,12) (8,11) (11,70) (10,43) (0,91) (1,68) (9,11) (5,68) (2,72)
      j3|(14,63) (11,45) (4,49) (1,74) (8,27) (0,30) (9,72) (7,9) (12,99) (13,60) (5,69) (6,69) (2,84) (3,40) (10,59)
      j4|(2,91) (0,75) (9,98) (3,17) (10,72) (13,31) (11,9) (14,98) (7,50) (5,37) (4,8) (8,65) (1,90) (12,91) (6,71)
      j5|(11,35) (6,80) (4,39) (3,62) (14,74) (5,72) (10,35) (9,25) (1,49) (8,52) (7,63) (2,90) (13,21) (12,47) (0,38)
      j6|(14,19) (7,57) (10,24) (13,91) (3,50) (0,5) (11,49) (12,18) (9,58) (5,24) (8,52) (1,88) (2,68) (6,20) (4,53)
      j7|(7,77) (14,72) (5,35) (11,90) (4,68) (6,18) (3,9) (0,33) (8,60) (10,18) (12,10) (13,60) (1,38) (2,99) (9,15)
      j8|(13,6) (8,86) (2,40) (9,79) (12,92) (11,23) (5,89) (10,95) (6,91) (7,72) (0,80) (1,60) (3,56) (4,51) (14,23)
      j9|(1,46) (6,28) (5,34) (11,77) (4,47) (0,10) (14,49) (8,77) (10,48) (7,24) (12,8) (2,72) (13,55) (9,29) (3,40)
      j10|(10,22) (4,89) (12,79) (0,7) (9,15) (1,6) (11,30) (6,38) (5,11) (8,52) (3,20) (7,5) (14,9) (2,20) (13,28)
      j11|(5,73) (14,56) (2,37) (3,22) (13,25) (6,58) (1,8) (7,93) (4,88) (8,17) (12,9) (11,69) (10,71) (9,85) (0,55)
      j12|(9,85) (14,58) (3,46) (8,64) (2,49) (6,37) (1,33) (4,30) (5,26) (0,20) (13,74) (10,77) (12,99) (11,56) (7,21)
      j13|(10,17) (3,24) (4,89) (5,15) (11,60) (1,42) (8,98) (2,64) (13,92) (0,63) (7,52) (12,54) (6,75) (14,23) (9,38)
      j14|(3,8) (5,17) (11,56) (7,93) (14,26) (9,62) (6,7) (10,88) (0,97) (1,7) (2,43) (8,29) (13,35) (12,87) (4,57)
      

    transport:
      type: "agv"
      amount: 15

  logistics: 
    specification: |
      m-0|m-1|m-2|m-3|m-4|m-5|m-6|m-7|m-8|m-9|m-10|m-11|m-12|m-13|m-14|in-buf|out-buf
      m-0| 0 18 41 20 46 48 7 47 20 18 39 23 22 12 18 6 6
      m-1| 18 0 12 30 21 50 36 42 45 33 9 8 29 6 23 19 23
      m-2| 41 12 0 15 21 30 6 45 47 23 47 18 45 35 42 12 7
      m-3| 20 30 15 0 11 46 14 42 7 42 34 9 39 20 5 25 21
      m-4| 46 21 21 11 0 43 44 48 35 27 15 17 10 46 32 27 15
      m-5| 48 50 30 46 43 0 9 21 44 23 24 29 43 11 37 11 35
      m-6| 7 36 6 14 44 9 0 9 50 21 21 50 39 38 30 29 48
      m-7| 47 42 45 42 48 21 9 0 20 7 12 13 29 50 11 15 49
      m-8| 20 45 47 7 35 44 50 20 0 17 11 7 18 31 45 37 47
      m-9| 18 33 23 42 27 23 21 7 17 0 35 6 5 27 30 14 15
      m-10| 39 9 47 34 15 24 21 12 11 35 0 15 8 47 7 38 34
      m-11| 23 8 18 9 17 29 50 13 7 6 15 0 37 15 24 49 42
      m-12| 22 29 45 39 10 43 39 29 18 5 8 37 0 29 44 35 15
      m-13| 12 6 35 20 46 11 38 50 31 27 47 15 29 0 10 18 31
      m-14| 18 23 42 5 32 37 30 11 45 30 7 24 44 10 0 31 48
      in-buf| 6 19 12 25 27 11 29 15 37 14 38 49 35 18 31 0 16
      out-buf| 6 23 7 21 15 35 48 49 47 15 34 42 15 31 48 16 0
    