
title: la39 transport

instance_config:
  description: "la39 transport"
  instance:
    description: "15x15"
    specification: |
      (m0,t)|(m1,t)|(m2,t)|(m3,t)|(m4,t)|(m5,t)|(m6,t)|(m7,t)|(m8,t)|(m9,t)|(m10,t)|(m11,t)|(m12,t)|(m13,t)|(m14,t)
      j0|(10,51) (14,43) (7,80) (4,18) (6,38) (3,24) (2,67) (12,15) (11,24) (13,72) (8,45) (5,80) (9,64) (1,44) (0,88)
      j1|(6,40) (9,88) (10,77) (5,59) (11,20) (3,52) (8,70) (0,40) (4,32) (13,76) (12,43) (7,31) (2,21) (14,5) (1,47)
      j2|(0,32) (3,49) (10,5) (5,64) (7,58) (8,80) (6,94) (11,11) (1,26) (13,26) (14,59) (9,85) (4,47) (12,96) (2,14)
      j3|(5,23) (6,9) (0,75) (12,37) (11,43) (2,79) (4,75) (3,34) (7,20) (13,10) (14,83) (10,68) (9,52) (8,66) (1,9)
      j4|(12,69) (9,59) (3,28) (14,62) (13,36) (1,26) (6,84) (11,16) (8,54) (5,42) (2,54) (0,6) (10,40) (7,88) (4,79)
      j5|(13,78) (12,53) (11,17) (5,29) (4,82) (2,23) (9,12) (8,64) (1,86) (7,59) (6,5) (3,68) (14,59) (10,13) (0,56)
      j6|(10,83) (13,46) (9,7) (12,65) (11,69) (6,62) (0,16) (2,58) (8,66) (5,83) (7,90) (14,42) (4,81) (3,69) (1,85)
      j7|(7,73) (10,71) (8,64) (6,10) (9,20) (11,99) (4,24) (14,65) (5,82) (3,72) (12,43) (1,82) (13,27) (2,24) (0,33)
      j8|(4,82) (1,34) (3,92) (2,8) (0,38) (8,45) (6,21) (5,35) (12,52) (9,35) (11,15) (14,23) (10,6) (13,83) (7,30)
      j9|(2,84) (5,7) (9,66) (10,6) (4,28) (13,27) (6,79) (7,70) (0,85) (1,94) (3,60) (14,80) (12,39) (8,66) (11,29)
      j10|(3,44) (6,58) (13,14) (8,65) (1,72) (5,14) (12,52) (4,21) (9,25) (0,5) (11,51) (7,61) (14,55) (10,42) (2,36)
      j11|(14,43) (10,72) (5,78) (11,12) (12,17) (0,46) (9,27) (6,51) (2,63) (1,79) (8,79) (7,91) (4,49) (13,26) (3,93)
      j12|(7,49) (0,49) (4,71) (5,78) (9,44) (10,41) (12,91) (13,84) (8,91) (6,21) (11,47) (14,28) (3,61) (2,70) (1,93)
      j13|(3,25) (4,85) (0,66) (2,45) (10,95) (12,21) (8,84) (5,24) (9,53) (7,67) (6,91) (11,11) (13,32) (1,30) (14,89)
      j14|(3,92) (7,93) (0,99) (1,40) (10,37) (12,69) (5,66) (6,57) (14,22) (9,44) (8,73) (13,97) (11,18) (2,69) (4,41)
      

    transport:
      type: "agv"
      amount: 15

  logistics: 
    specification: |
      m-0|m-1|m-2|m-3|m-4|m-5|m-6|m-7|m-8|m-9|m-10|m-11|m-12|m-13|m-14|in-buf|out-buf
      m-0| 0 16 48 39 40 50 18 40 40 33 16 27 7 32 11 14 43
      m-1| 16 0 6 8 12 28 45 19 19 17 38 30 32 47 39 15 25
      m-2| 48 6 0 16 15 21 42 31 21 30 16 40 43 17 24 25 30
      m-3| 39 8 16 0 27 30 46 39 29 26 36 28 14 8 11 29 45
      m-4| 40 12 15 27 0 7 32 23 18 48 31 15 45 11 46 7 14
      m-5| 50 28 21 30 7 0 41 40 23 7 49 9 23 15 18 41 30
      m-6| 18 45 42 46 32 41 0 41 47 31 32 33 45 28 11 6 40
      m-7| 40 19 31 39 23 40 41 0 14 30 33 46 37 49 17 26 26
      m-8| 40 19 21 29 18 23 47 14 0 37 49 37 16 12 33 23 20
      m-9| 33 17 30 26 48 7 31 30 37 0 29 39 29 22 26 17 43
      m-10| 16 38 16 36 31 49 32 33 49 29 0 8 27 33 7 46 48
      m-11| 27 30 40 28 15 9 33 46 37 39 8 0 28 44 36 32 41
      m-12| 7 32 43 14 45 23 45 37 16 29 27 28 0 16 13 16 15
      m-13| 32 47 17 8 11 15 28 49 12 22 33 44 16 0 44 29 24
      m-14| 11 39 24 11 46 18 11 17 33 26 7 36 13 44 0 43 47
      in-buf| 14 15 25 29 7 41 6 26 23 17 46 32 16 29 43 0 15
      out-buf| 43 25 30 45 14 30 40 26 20 43 48 41 15 24 47 15 0
    