
title: la40 transport

instance_config:
  description: "la40 transport"
  instance:
    description: "15x15"
    specification: |
      (m0,t)|(m1,t)|(m2,t)|(m3,t)|(m4,t)|(m5,t)|(m6,t)|(m7,t)|(m8,t)|(m9,t)|(m10,t)|(m11,t)|(m12,t)|(m13,t)|(m14,t)
      j0|(9,65) (10,28) (4,74) (12,33) (2,51) (14,75) (5,73) (8,32) (6,13) (3,81) (1,35) (7,59) (13,38) (11,55) (0,27)
      j1|(0,64) (1,53) (11,83) (2,33) (4,6) (9,52) (14,72) (8,7) (13,90) (12,21) (6,23) (3,10) (10,39) (5,49) (7,72)
      j2|(14,73) (3,82) (1,23) (12,62) (6,88) (5,21) (8,65) (11,70) (7,53) (10,81) (2,93) (13,77) (0,61) (9,28) (4,78)
      j3|(1,12) (6,51) (7,33) (4,15) (14,72) (10,98) (9,94) (5,12) (11,42) (2,24) (13,15) (8,28) (3,6) (12,99) (0,41)
      j4|(12,97) (5,7) (9,96) (4,15) (14,73) (13,43) (0,32) (8,22) (11,42) (1,94) (2,23) (7,86) (6,78) (10,24) (3,31)
      j5|(1,72) (5,88) (2,93) (13,13) (4,44) (14,66) (6,63) (7,14) (9,67) (10,17) (11,85) (0,35) (3,68) (12,5) (8,49)
      j6|(9,15) (7,82) (6,21) (14,53) (3,72) (13,49) (2,99) (4,26) (12,56) (8,45) (1,68) (10,51) (0,8) (5,27) (11,96)
      j7|(3,54) (7,24) (4,14) (8,38) (5,36) (2,52) (14,55) (12,37) (11,48) (0,93) (13,60) (10,70) (1,23) (6,23) (9,83)
      j8|(3,12) (8,69) (6,26) (9,23) (14,28) (1,82) (5,33) (4,45) (13,64) (7,15) (11,9) (12,73) (10,59) (2,37) (0,62)
      j9|(0,87) (5,12) (7,80) (4,50) (10,48) (12,90) (1,72) (13,24) (6,14) (8,71) (11,44) (9,46) (2,15) (14,61) (3,92)
      j10|(2,54) (0,22) (6,61) (4,46) (3,73) (5,16) (12,6) (9,94) (14,93) (13,67) (8,54) (7,75) (11,32) (10,40) (1,97)
      j11|(10,92) (14,36) (4,22) (9,9) (3,47) (1,77) (12,79) (13,36) (6,30) (8,98) (11,79) (7,7) (5,55) (2,6) (0,30)
      j12|(0,49) (13,83) (3,73) (6,82) (1,82) (14,92) (11,73) (4,31) (10,35) (9,54) (5,7) (8,37) (7,72) (2,52) (12,76)
      j13|(10,98) (12,34) (13,52) (4,26) (1,28) (3,39) (8,80) (5,29) (9,70) (0,43) (6,48) (7,58) (2,45) (14,94) (11,96)
      j14|(1,70) (10,17) (6,90) (12,67) (4,14) (8,23) (3,21) (7,18) (13,43) (11,84) (5,26) (9,36) (2,93) (14,84) (0,42)
      

    transport:
      type: "agv"
      amount: 15

  logistics: 
    specification: |
      m-0|m-1|m-2|m-3|m-4|m-5|m-6|m-7|m-8|m-9|m-10|m-11|m-12|m-13|m-14|in-buf|out-buf
      m-0| 0 33 12 43 50 44 7 45 37 21 49 27 24 16 48 39 10
      m-1| 33 0 46 41 34 25 46 15 44 8 6 30 29 36 5 21 16
      m-2| 12 46 0 21 24 38 25 20 8 17 17 50 14 42 49 30 25
      m-3| 43 41 21 0 7 10 17 29 9 47 33 22 23 45 18 24 28
      m-4| 50 34 24 7 0 33 43 24 16 22 15 25 31 36 38 32 19
      m-5| 44 25 38 10 33 0 25 46 7 32 46 31 49 18 30 26 28
      m-6| 7 46 25 17 43 25 0 49 8 14 44 26 28 28 47 12 30
      m-7| 45 15 20 29 24 46 49 0 32 22 18 9 7 17 12 11 25
      m-8| 37 44 8 9 16 7 8 32 0 50 17 40 11 19 20 47 34
      m-9| 21 8 17 47 22 32 14 22 50 0 22 34 50 23 15 42 23
      m-10| 49 6 17 33 15 46 44 18 17 22 0 37 29 24 32 41 10
      m-11| 27 30 50 22 25 31 26 9 40 34 37 0 14 25 12 40 15
      m-12| 24 29 14 23 31 49 28 7 11 50 29 14 0 40 37 24 21
      m-13| 16 36 42 45 36 18 28 17 19 23 24 25 40 0 36 7 9
      m-14| 48 5 49 18 38 30 47 12 20 15 32 12 37 36 0 14 16
      in-buf| 39 21 30 24 32 26 12 11 47 42 41 40 24 7 14 0 46
      out-buf| 10 16 25 28 19 28 30 25 34 23 10 15 21 9 16 46 0
    